x = 300;
1/(1+((9^3)/100)*exp((19*x)/8100))